2000000 53
1990000 38
1980000 46
1970000 26
1960000 25
1950000 39
1940000 25
1930000 28
1920000 40
1910000 25
1900000 25
1890000 29
1880000 35
1870000 24
1860000 29
1850000 40
1840000 26
1830000 25
1820000 43
1810000 26
1800000 28
1790000 39
1780000 25
1770000 23
1760000 28
1750000 35
1740000 24
1730000 24
1720000 43
1710000 33
1700000 30
1690000 44
1680000 24
1670000 27
1660000 57
1650000 35
1640000 50
1630000 24
1620000 25
1610000 40
1600000 24
1590000 23
1580000 27
1570000 34
1560000 24
1550000 26
1540000 41
1530000 25
1520000 25
1510000 35
1500000 32
1490000 26
1480000 28
1470000 36
1460000 22
1450000 23
1440000 38
1430000 24
1420000 23
1410000 26
1400000 36
1390000 23
1380000 23
1370000 33
1360000 27
1350000 25
1340000 24
1330000 39
1320000 24
1310000 23
1300000 33
1290000 28
1280000 22
1270000 25
1260000 37
1250000 23
1240000 32
1230000 50
1220000 31
1210000 39
1200000 45
1190000 30
1180000 45
1170000 29
1160000 33
1150000 45
1140000 30
1130000 33
1120000 42
1110000 31
1100000 40
1090000 34
1080000 32
1070000 46
1060000 31
1050000 27
1040000 48
1030000 28
1020000 29
1010000 44
1000000 27
990000 36
980000 44
970000 30
960000 35
950000 25
940000 21
930000 26
920000 41
910000 24
900000 22
890000 24
880000 36
870000 21
860000 21
850000 26
840000 34
830000 24
820000 21
810000 34
800000 22
790000 21
780000 21
770000 31
760000 23
750000 20
740000 21
730000 33
720000 23
710000 20
700000 21
690000 31
680000 24
670000 20
660000 19
650000 24
640000 29
630000 20
620000 20
610000 23
600000 31
590000 20
580000 20
570000 19
560000 32
550000 19
540000 19
530000 20
520000 32
510000 23
500000 18
490000 19
480000 20
470000 33
460000 19
450000 19
440000 18
430000 29
420000 23
410000 18
400000 19
390000 22
380000 28
370000 17
360000 18
350000 17
340000 24
330000 23
320000 17
310000 18
300000 17
290000 25
280000 22
270000 16
260000 18
250000 18
240000 24
230000 21
220000 16
210000 15
200000 16
190000 18
180000 25
170000 15
160000 15
150000 15
140000 17
130000 24
120000 17
110000 14
100000 14
90000 14
80000 13
70000 21
60000 18
50000 12
40000 11
30000 10
20000 9
10000 7
