0 192
10000 210
20000 282
30000 243
40000 238
50000 241
60000 254
70000 262
80000 258
90000 248
100000 251
110000 258
120000 265
130000 268
140000 273
150000 264
160000 277
170000 278
180000 283
190000 272
200000 361
210000 384
220000 322
230000 293
240000 306
250000 290
260000 299
270000 294
280000 299
290000 293
300000 302
310000 287
320000 300
330000 284
340000 292
350000 297
360000 310
370000 272
380000 277
390000 300
400000 287
410000 279
420000 277
430000 290
440000 300
450000 268
460000 303
470000 294
480000 318
490000 336
500000 362
510000 286
520000 307
530000 305
540000 330
550000 322
560000 295
570000 316
580000 308
590000 314
600000 311
610000 301
620000 311
630000 302
640000 319
650000 310
660000 317
670000 310
680000 307
690000 310
700000 311
710000 313
720000 272
730000 251
740000 314
750000 319
760000 395
770000 403
780000 329
790000 316
800000 321
810000 301
820000 314
830000 326
840000 315
850000 309
860000 316
870000 317
880000 325
890000 318
900000 330
910000 323
920000 330
930000 331
940000 322
950000 289
960000 263
970000 331
980000 321
990000 322
1000000 325
1010000 322
1020000 429
1030000 426
1040000 344
1050000 328
1060000 324
1070000 320
1080000 338
1090000 323
1100000 330
1110000 326
1120000 323
1130000 338
1140000 331
1150000 340
1160000 321
1170000 322
1180000 334
1190000 329
1200000 339
1210000 331
1220000 338
1230000 323
1240000 333
1250000 325
1260000 335
1270000 373
1280000 405
1290000 405
1300000 333
1310000 350
1320000 336
1330000 340
1340000 340
1350000 331
1360000 335
1370000 343
1380000 339
1390000 343
1400000 336
1410000 339
1420000 349
1430000 332
1440000 338
1450000 238
1460000 331
1470000 349
1480000 337
1490000 344
1500000 341
1510000 333
1520000 421
1530000 452
1540000 357
1550000 339
1560000 355
1570000 340
1580000 340
1590000 341
1600000 350
1610000 350
1620000 349
1630000 346
1640000 349
1650000 354
1660000 350
1670000 356
1680000 349
1690000 346
1700000 357
1710000 351
1720000 336
1730000 355
1740000 349
1750000 338
1760000 449
1770000 416
1780000 360
1790000 365
1800000 353
1810000 353
1820000 343
1830000 350
1840000 350
1850000 346
1860000 347
1870000 352
1880000 350
1890000 352
1900000 354
1910000 352
1920000 352
1930000 326
1940000 357
1950000 343
1960000 357
1970000 353
1980000 351
1990000 347
