2000000 115
1990000 87
1980000 85
1970000 88
1960000 76
1950000 81
1940000 84
1930000 84
1920000 85
1910000 84
1900000 77
1890000 97
1880000 125
1870000 140
1860000 110
1850000 102
1840000 110
1830000 105
1820000 113
1810000 97
1800000 119
1790000 120
1780000 93
1770000 87
1760000 79
1750000 80
1740000 86
1730000 85
1720000 88
1710000 92
1700000 79
1690000 83
1680000 82
1670000 95
1660000 84
1650000 89
1640000 82
1630000 85
1620000 76
1610000 86
1600000 85
1590000 89
1580000 83
1570000 85
1560000 73
1550000 88
1540000 84
1530000 83
1520000 82
1510000 78
1500000 77
1490000 80
1480000 82
1470000 82
1460000 81
1450000 75
1440000 80
1430000 87
1420000 87
1410000 89
1400000 82
1390000 73
1380000 79
1370000 82
1360000 84
1350000 82
1340000 73
1330000 79
1320000 82
1310000 86
1300000 82
1290000 78
1280000 73
1270000 79
1260000 79
1250000 81
1240000 72
1230000 77
1220000 82
1210000 79
1200000 78
1190000 75
1180000 81
1170000 80
1160000 85
1150000 77
1140000 77
1130000 76
1120000 79
1110000 83
1100000 76
1090000 84
1080000 100
1070000 79
1060000 85
1050000 80
1040000 78
1030000 74
1020000 76
1010000 78
1000000 78
990000 69
980000 76
970000 77
960000 83
950000 70
940000 77
930000 82
920000 76
910000 76
900000 69
890000 76
880000 77
870000 77
860000 69
850000 74
840000 77
830000 72
820000 72
810000 76
800000 84
790000 74
780000 69
770000 80
760000 75
750000 70
740000 67
730000 73
720000 73
710000 68
700000 73
690000 74
680000 75
670000 65
660000 77
650000 73
640000 69
630000 71
620000 73
610000 74
600000 72
590000 66
580000 77
570000 71
560000 65
550000 73
540000 75
530000 65
520000 75
510000 76
500000 81
490000 89
480000 77
470000 80
460000 82
450000 80
440000 70
430000 61
420000 72
410000 64
400000 64
390000 73
380000 72
370000 61
360000 71
350000 70
340000 60
330000 68
320000 69
310000 56
300000 68
290000 69
280000 61
270000 74
260000 67
250000 58
240000 78
230000 69
220000 54
210000 68
200000 64
190000 52
180000 63
170000 52
160000 63
150000 61
140000 53
130000 61
120000 49
110000 60
100000 49
90000 58
80000 61
70000 54
60000 58
50000 45
40000 54
30000 39
20000 42
10000 37
