0 10
10000 18
20000 22
30000 24
40000 26
50000 14
60000 15
70000 17
80000 23
90000 15
100000 20
110000 27
120000 17
130000 19
140000 27
150000 20
160000 23
170000 22
180000 19
190000 27
200000 23
210000 20
220000 29
230000 20
240000 21
250000 21
260000 23
270000 29
280000 25
290000 22
300000 20
310000 28
320000 34
330000 30
340000 20
350000 24
360000 30
370000 22
380000 27
390000 22
400000 28
410000 21
420000 24
430000 25
440000 21
450000 31
460000 21
470000 24
480000 22
490000 24
500000 27
510000 23
520000 33
530000 24
540000 32
550000 23
560000 26
570000 23
580000 28
590000 22
600000 24
610000 31
620000 26
630000 31
640000 23
650000 36
660000 23
670000 33
680000 23
690000 29
700000 23
710000 27
720000 22
730000 26
740000 25
750000 26
760000 24
770000 26
780000 28
790000 30
800000 23
810000 23
820000 33
830000 28
840000 39
850000 24
860000 23
870000 24
880000 23
890000 24
900000 32
910000 24
920000 30
930000 38
940000 26
950000 38
960000 25
970000 38
980000 24
990000 30
1000000 24
1010000 40
1020000 25
1030000 41
1040000 26
1050000 36
1060000 26
1070000 34
1080000 25
1090000 36
1100000 24
1110000 37
1120000 25
1130000 33
1140000 26
1150000 36
1160000 25
1170000 34
1180000 30
1190000 25
1200000 28
1210000 29
1220000 46
1230000 29
1240000 40
1250000 26
1260000 36
1270000 25
1280000 28
1290000 32
1300000 33
1310000 42
1320000 32
1330000 34
1340000 29
1350000 39
1360000 45
1370000 26
1380000 28
1390000 34
1400000 26
1410000 43
1420000 26
1430000 37
1440000 26
1450000 29
1460000 26
1470000 26
1480000 29
1490000 27
1500000 39
1510000 29
1520000 42
1530000 27
1540000 26
1550000 28
1560000 27
1570000 45
1580000 32
1590000 33
1600000 28
1610000 26
1620000 38
1630000 27
1640000 42
1650000 27
1660000 42
1670000 28
1680000 38
1690000 33
1700000 28
1710000 43
1720000 28
1730000 34
1740000 31
1750000 27
1760000 43
1770000 28
1780000 38
1790000 30
1800000 27
1810000 35
1820000 26
1830000 42
1840000 31
1850000 40
1860000 27
1870000 28
1880000 46
1890000 27
1900000 45
1910000 31
1920000 39
1930000 42
1940000 28
1950000 42
1960000 31
1970000 28
1980000 40
1990000 27
