0 49
10000 39
20000 39
30000 44
40000 56
50000 56
60000 43
70000 42
80000 53
90000 50
100000 54
110000 50
120000 55
130000 65
140000 63
150000 51
160000 64
170000 62
180000 61
190000 53
200000 47
210000 50
220000 42
230000 50
240000 48
250000 41
260000 53
270000 44
280000 52
290000 45
300000 43
310000 52
320000 43
330000 52
340000 44
350000 49
360000 47
370000 43
380000 52
390000 43
400000 54
410000 46
420000 53
430000 41
440000 53
450000 41
460000 53
470000 46
480000 52
490000 41
500000 52
510000 44
520000 55
530000 47
540000 55
550000 42
560000 50
570000 45
580000 49
590000 44
600000 52
610000 44
620000 53
630000 41
640000 54
650000 42
660000 53
670000 46
680000 53
690000 43
700000 53
710000 44
720000 50
730000 52
740000 47
750000 50
760000 41
770000 55
780000 42
790000 52
800000 44
810000 55
820000 41
830000 53
840000 42
850000 52
860000 50
870000 43
880000 52
890000 43
900000 53
910000 45
920000 53
930000 45
940000 49
950000 53
960000 46
970000 51
980000 52
990000 43
1000000 55
1010000 42
1020000 51
1030000 51
1040000 43
1050000 54
1060000 43
1070000 61
1080000 46
1090000 52
1100000 44
1110000 53
1120000 44
1130000 50
1140000 53
1150000 43
1160000 56
1170000 64
1180000 64
1190000 62
1200000 65
1210000 67
1220000 57
1230000 49
1240000 45
1250000 54
1260000 50
1270000 48
1280000 53
1290000 59
1300000 49
1310000 44
1320000 53
1330000 43
1340000 49
1350000 52
1360000 44
1370000 56
1380000 46
1390000 44
1400000 54
1410000 45
1420000 43
1430000 53
1440000 44
1450000 47
1460000 53
1470000 44
1480000 47
1490000 52
1500000 43
1510000 50
1520000 52
1530000 43
1540000 53
1550000 49
1560000 44
1570000 54
1580000 54
1590000 43
1600000 51
1610000 48
1620000 43
1630000 53
1640000 50
1650000 44
1660000 54
1670000 48
1680000 42
1690000 52
1700000 50
1710000 44
1720000 52
1730000 48
1740000 45
1750000 52
1760000 52
1770000 46
1780000 53
1790000 51
1800000 49
1810000 51
1820000 56
1830000 44
1840000 50
1850000 50
1860000 46
1870000 50
1880000 52
1890000 45
1900000 43
1910000 56
1920000 52
1930000 44
1940000 48
1950000 54
1960000 45
1970000 49
1980000 54
1990000 48
