0 583
20000 673
40000 724
60000 744
80000 679
100000 727
120000 736
140000 708
160000 762
180000 780
200000 725
220000 1048
240000 972
260000 826
280000 778
300000 740
320000 787
340000 792
360000 731
380000 948
400000 786
420000 768
440000 825
460000 889
480000 852
500000 611
520000 765
540000 830
560000 844
580000 769
600000 914
620000 1180
640000 886
660000 792
680000 780
700000 727
720000 407
740000 420
760000 497
780000 427
800000 602
820000 888
840000 955
860000 878
880000 847
900000 1063
920000 807
940000 589
960000 866
980000 873
1000000 820
1020000 1047
1040000 1054
1060000 889
1080000 815
1100000 847
1120000 911
1140000 825
1160000 874
1180000 943
1200000 850
1220000 844
1240000 772
1260000 805
1280000 691
1300000 767
1320000 617
1340000 567
1360000 663
1380000 872
1400000 690
1420000 815
1440000 843
1460000 884
1480000 827
1500000 866
1520000 873
1540000 852
1560000 900
1580000 821
1600000 882
1620000 738
1640000 866
1660000 961
1680000 788
1700000 806
1720000 892
1740000 809
1760000 788
1780000 864
1800000 1147
1820000 950
1840000 864
1860000 853
1880000 846
1900000 959
1920000 894
1940000 859
1960000 937
1980000 855
2000000 1002
2020000 1006
2040000 528
2060000 705
2080000 718
2100000 836
2120000 889
2140000 845
2160000 1176
2180000 1028
2200000 914
2220000 921
2240000 603
2260000 781
2280000 815
2300000 779
2320000 785
2340000 648
2360000 523
2380000 495
2400000 918
2420000 856
2440000 795
2460000 907
2480000 871
2500000 902
2520000 870
2540000 1075
2560000 1199
2580000 877
2600000 935
2620000 894
2640000 918
2660000 889
2680000 888
2700000 914
2720000 830
2740000 921
2760000 870
2780000 887
2800000 899
2820000 856
2840000 909
2860000 854
2880000 965
2900000 1196
2920000 1198
2940000 842
2960000 842
2980000 887
3000000 887
3020000 964
3040000 881
3060000 881
3080000 925
3100000 852
3120000 918
3140000 861
3160000 872
3180000 926
3200000 874
3220000 921
3240000 1105
3260000 1163
3280000 990
3300000 913
3320000 926
3340000 833
3360000 935
3380000 817
3400000 463
3420000 445
3440000 469
3460000 490
3480000 721
3500000 931
3520000 875
3540000 921
3560000 923
3580000 877
3600000 1104
3620000 1169
3640000 1165
3660000 888
3680000 947
3700000 915
3720000 909
3740000 935
3760000 870
3780000 925
3800000 888
3820000 936
3840000 931
3860000 886
3880000 928
3900000 869
3920000 941
3940000 909
3960000 1060
3980000 1154
