0 81
10000 88
20000 95
30000 103
40000 99
50000 104
60000 110
70000 114
80000 102
90000 109
100000 114
110000 112
120000 117
130000 107
140000 115
150000 106
160000 122
170000 115
180000 115
190000 122
200000 114
210000 117
220000 122
230000 121
240000 124
250000 116
260000 120
270000 120
280000 124
290000 120
300000 124
310000 124
320000 121
330000 123
340000 119
350000 130
360000 119
370000 120
380000 119
390000 124
400000 122
410000 125
420000 132
430000 124
440000 127
450000 121
460000 131
470000 127
480000 125
490000 136
500000 135
510000 137
520000 133
530000 135
540000 125
550000 127
560000 138
570000 142
580000 139
590000 130
600000 126
610000 125
620000 130
630000 123
640000 132
650000 127
660000 130
670000 128
680000 124
690000 131
700000 148
710000 145
720000 134
730000 148
740000 138
750000 130
760000 135
770000 140
780000 138
790000 136
800000 130
810000 132
820000 136
830000 136
840000 135
850000 135
860000 132
870000 130
880000 138
890000 146
900000 130
910000 131
920000 136
930000 143
940000 272
950000 268
960000 271
970000 257
980000 316
990000 247
1000000 300
1010000 273
1020000 273
1030000 278
1040000 275
1050000 275
1060000 294
1070000 272
1080000 284
1090000 312
1100000 266
1110000 243
1120000 182
1130000 280
1140000 263
1150000 278
1160000 274
1170000 285
1180000 280
1190000 265
1200000 297
1210000 281
1220000 475
1230000 278
1240000 272
1250000 281
1260000 284
1270000 272
1280000 275
1290000 272
1300000 301
1310000 278
1320000 278
1330000 271
1340000 281
1350000 275
1360000 190
1370000 276
1380000 278
1390000 276
1400000 282
1410000 275
1420000 278
1430000 369
1440000 349
1450000 272
1460000 278
1470000 280
1480000 265
1490000 276
1500000 278
1510000 279
1520000 277
1530000 275
1540000 272
1550000 277
1560000 281
1570000 286
1580000 277
1590000 289
1600000 235
1610000 279
1620000 280
1630000 283
1640000 282
1650000 363
1660000 365
1670000 279
1680000 286
1690000 272
1700000 284
1710000 288
1720000 285
1730000 278
1740000 277
1750000 273
1760000 280
1770000 281
1780000 288
1790000 284
1800000 265
1810000 288
1820000 241
1830000 284
1840000 278
1850000 287
1860000 282
1870000 381
1880000 330
1890000 281
1900000 281
1910000 280
1920000 287
1930000 279
1940000 285
1950000 290
1960000 282
1970000 285
1980000 284
1990000 282
