2000000 297
1990000 287
1980000 280
1970000 290
1960000 270
1950000 261
1940000 258
1930000 294
1920000 285
1910000 297
1900000 270
1890000 272
1880000 273
1870000 260
1860000 273
1850000 259
1840000 271
1830000 260
1820000 257
1810000 256
1800000 252
1790000 266
1780000 267
1770000 259
1760000 253
1750000 260
1740000 255
1730000 268
1720000 265
1710000 256
1700000 266
1690000 255
1680000 262
1670000 255
1660000 255
1650000 279
1640000 252
1630000 253
1620000 256
1610000 254
1600000 250
1590000 268
1580000 265
1570000 262
1560000 245
1550000 257
1540000 265
1530000 265
1520000 242
1510000 253
1500000 256
1490000 252
1480000 250
1470000 248
1460000 259
1450000 246
1440000 249
1430000 260
1420000 258
1410000 249
1400000 259
1390000 255
1380000 251
1370000 258
1360000 254
1350000 246
1340000 248
1330000 249
1320000 248
1310000 269
1300000 267
1290000 268
1280000 250
1270000 247
1260000 265
1250000 259
1240000 239
1230000 243
1220000 245
1210000 243
1200000 247
1190000 243
1180000 256
1170000 249
1160000 282
1150000 254
1140000 240
1130000 243
1120000 241
1110000 247
1100000 241
1090000 254
1080000 236
1070000 245
1060000 247
1050000 247
1040000 254
1030000 239
1020000 249
1010000 252
1000000 240
990000 245
980000 254
970000 250
960000 240
950000 236
940000 271
930000 247
920000 248
910000 242
900000 253
890000 242
880000 247
870000 243
860000 240
850000 234
840000 243
830000 244
820000 239
810000 247
800000 238
790000 243
780000 243
770000 247
760000 240
750000 234
740000 230
730000 242
720000 237
710000 271
700000 246
690000 227
680000 233
670000 251
660000 243
650000 251
640000 254
630000 232
620000 239
610000 233
600000 230
590000 237
580000 230
570000 226
560000 246
550000 229
540000 220
530000 239
520000 219
510000 225
500000 231
490000 217
480000 221
470000 232
460000 226
450000 216
440000 228
430000 227
420000 230
410000 212
400000 220
390000 234
380000 220
370000 221
360000 225
350000 216
340000 223
330000 215
320000 210
310000 233
300000 224
290000 227
280000 219
270000 226
260000 217
250000 224
240000 209
230000 231
220000 214
210000 208
200000 213
190000 206
180000 198
170000 199
160000 207
150000 207
140000 203
130000 207
120000 195
110000 198
100000 194
90000 196
80000 206
70000 187
60000 184
50000 188
40000 182
30000 170
20000 164
10000 136
