0 70
10000 68
20000 68
30000 71
40000 70
50000 67
60000 80
70000 79
80000 82
90000 103
100000 82
110000 73
120000 87
130000 114
140000 107
150000 102
160000 107
170000 109
180000 115
190000 97
200000 97
210000 85
220000 88
230000 90
240000 85
250000 93
260000 98
270000 96
280000 92
290000 88
300000 91
310000 94
320000 93
330000 97
340000 101
350000 92
360000 90
370000 96
380000 96
390000 105
400000 101
410000 98
420000 96
430000 97
440000 96
450000 98
460000 99
470000 102
480000 106
490000 98
500000 98
510000 101
520000 97
530000 97
540000 101
550000 102
560000 96
570000 99
580000 102
590000 104
600000 102
610000 103
620000 106
630000 101
640000 109
650000 101
660000 101
670000 103
680000 107
690000 102
700000 102
710000 106
720000 103
730000 104
740000 104
750000 104
760000 105
770000 108
780000 104
790000 105
800000 108
810000 103
820000 104
830000 103
840000 103
850000 109
860000 105
870000 115
880000 106
890000 104
900000 106
910000 111
920000 104
930000 107
940000 126
950000 109
960000 104
970000 114
980000 107
990000 111
1000000 108
1010000 109
1020000 107
1030000 107
1040000 116
1050000 109
1060000 109
1070000 149
1080000 120
1090000 109
1100000 108
1110000 110
1120000 110
1130000 113
1140000 109
1150000 107
1160000 108
1170000 143
1180000 141
1190000 138
1200000 131
1210000 144
1220000 123
1230000 113
1240000 113
1250000 124
1260000 112
1270000 119
1280000 117
1290000 121
1300000 119
1310000 119
1320000 114
1330000 112
1340000 120
1350000 112
1360000 111
1370000 112
1380000 113
1390000 119
1400000 116
1410000 115
1420000 121
1430000 113
1440000 112
1450000 123
1460000 115
1470000 116
1480000 114
1490000 113
1500000 115
1510000 116
1520000 110
1530000 120
1540000 112
1550000 119
1560000 121
1570000 116
1580000 112
1590000 124
1600000 115
1610000 114
1620000 121
1630000 112
1640000 112
1650000 120
1660000 112
1670000 111
1680000 129
1690000 114
1700000 114
1710000 126
1720000 114
1730000 114
1740000 119
1750000 116
1760000 113
1770000 125
1780000 114
1790000 113
1800000 122
1810000 119
1820000 114
1830000 118
1840000 116
1850000 114
1860000 121
1870000 123
1880000 118
1890000 118
1900000 132
1910000 116
1920000 117
1930000 126
1940000 133
1950000 116
1960000 114
1970000 122
1980000 117
1990000 118
