0 45
10000 45
20000 50
30000 46
40000 47
50000 72
60000 70
70000 62
80000 52
90000 46
100000 47
110000 52
120000 54
130000 47
140000 53
150000 57
160000 70
170000 59
180000 54
190000 53
200000 57
210000 56
220000 58
230000 54
240000 53
250000 92
260000 67
270000 60
280000 62
290000 59
300000 59
310000 56
320000 60
330000 63
340000 73
350000 57
360000 57
370000 63
380000 51
390000 43
400000 52
410000 56
420000 58
430000 83
440000 68
450000 65
460000 56
470000 142
480000 71
490000 62
500000 64
510000 65
520000 53
530000 85
540000 65
550000 62
560000 71
570000 57
580000 49
590000 50
600000 59
610000 75
620000 78
630000 93
640000 89
650000 69
660000 64
670000 54
680000 59
690000 63
700000 63
710000 65
720000 62
730000 79
740000 57
750000 56
760000 64
770000 63
780000 54
790000 49
800000 41
810000 46
820000 48
830000 85
840000 95
850000 78
860000 77
870000 71
880000 59
890000 62
900000 58
910000 49
920000 48
930000 49
940000 49
950000 62
960000 67
970000 55
980000 50
990000 46
1000000 51
1010000 50
1020000 46
1030000 46
1040000 59
1050000 55
1060000 54
1070000 57
1080000 55
1090000 50
1100000 60
1110000 53
1120000 62
1130000 56
1140000 58
1150000 64
1160000 45
1170000 131
1180000 84
1190000 89
1200000 69
1210000 61
1220000 72
1230000 71
1240000 68
1250000 69
1260000 174
1270000 83
1280000 80
1290000 101
1300000 91
1310000 99
1320000 84
1330000 80
1340000 85
1350000 82
1360000 68
1370000 76
1380000 72
1390000 66
1400000 51
1410000 67
1420000 58
1430000 67
1440000 70
1450000 58
1460000 56
1470000 59
1480000 48
1490000 60
1500000 58
1510000 62
1520000 56
1530000 69
1540000 79
1550000 82
1560000 83
1570000 78
1580000 77
1590000 81
1600000 104
1610000 105
1620000 88
1630000 92
1640000 77
1650000 70
1660000 72
1670000 72
1680000 77
1690000 79
1700000 72
1710000 81
1720000 80
1730000 60
1740000 68
1750000 82
1760000 91
1770000 86
1780000 71
1790000 54
1800000 72
1810000 70
1820000 76
1830000 121
1840000 113
1850000 80
1860000 74
1870000 89
1880000 71
1890000 106
1900000 91
1910000 178
1920000 80
1930000 81
1940000 84
1950000 74
1960000 74
1970000 73
1980000 54
1990000 61
