2000000 155
1990000 130
1980000 128
1970000 121
1960000 125
1950000 123
1940000 129
1930000 132
1920000 174
1910000 122
1900000 119
1890000 131
1880000 125
1870000 116
1860000 139
1850000 173
1840000 157
1830000 151
1820000 159
1810000 150
1800000 167
1790000 134
1780000 133
1770000 122
1760000 113
1750000 115
1740000 117
1730000 131
1720000 114
1710000 117
1700000 118
1690000 115
1680000 119
1670000 120
1660000 113
1650000 117
1640000 113
1630000 112
1620000 122
1610000 124
1600000 112
1590000 115
1580000 112
1570000 114
1560000 115
1550000 119
1540000 112
1530000 113
1520000 122
1510000 112
1500000 115
1490000 117
1480000 113
1470000 114
1460000 112
1450000 112
1440000 119
1430000 113
1420000 118
1410000 122
1400000 108
1390000 110
1380000 115
1370000 115
1360000 120
1350000 117
1340000 109
1330000 108
1320000 121
1310000 115
1300000 112
1290000 118
1280000 108
1270000 111
1260000 110
1250000 107
1240000 108
1230000 108
1220000 112
1210000 110
1200000 116
1190000 110
1180000 115
1170000 110
1160000 106
1150000 106
1140000 108
1130000 108
1120000 109
1110000 113
1100000 108
1090000 115
1080000 107
1070000 105
1060000 105
1050000 104
1040000 103
1030000 109
1020000 111
1010000 104
1000000 106
990000 104
980000 108
970000 102
960000 104
950000 104
940000 107
930000 102
920000 110
910000 101
900000 108
890000 104
880000 101
870000 102
860000 99
850000 104
840000 102
830000 100
820000 110
810000 104
800000 101
790000 103
780000 100
770000 100
760000 98
750000 102
740000 99
730000 99
720000 101
710000 105
700000 99
690000 103
680000 97
670000 98
660000 98
650000 99
640000 96
630000 97
620000 101
610000 105
600000 99
590000 97
580000 101
570000 94
560000 94
550000 96
540000 98
530000 94
520000 99
510000 95
500000 101
490000 98
480000 93
470000 94
460000 93
450000 96
440000 97
430000 89
420000 90
410000 126
400000 126
390000 119
380000 115
370000 117
360000 117
350000 112
340000 107
330000 119
320000 95
310000 95
300000 93
290000 89
280000 88
270000 84
260000 84
250000 87
240000 85
230000 85
220000 87
210000 87
200000 90
190000 81
180000 83
170000 83
160000 85
150000 80
140000 85
130000 76
120000 79
110000 80
100000 80
90000 78
80000 76
70000 71
60000 76
50000 71
40000 63
30000 69
20000 54
10000 48
