0 157
10000 155
20000 158
30000 155
40000 189
50000 175
60000 184
70000 191
80000 198
90000 181
100000 186
110000 185
120000 182
130000 176
140000 176
150000 191
160000 180
170000 181
180000 194
190000 184
200000 181
210000 181
220000 192
230000 183
240000 184
250000 194
260000 186
270000 196
280000 198
290000 198
300000 190
310000 197
320000 190
330000 187
340000 199
350000 203
360000 196
370000 200
380000 192
390000 205
400000 196
410000 197
420000 203
430000 197
440000 203
450000 194
460000 203
470000 206
480000 200
490000 205
500000 203
510000 198
520000 204
530000 197
540000 205
550000 201
560000 210
570000 214
580000 219
590000 208
600000 200
610000 209
620000 209
630000 203
640000 212
650000 208
660000 198
670000 222
680000 210
690000 205
700000 208
710000 211
720000 217
730000 205
740000 215
750000 212
760000 204
770000 209
780000 204
790000 203
800000 209
810000 213
820000 207
830000 223
840000 238
850000 208
860000 206
870000 215
880000 203
890000 212
900000 213
910000 211
920000 213
930000 210
940000 394
950000 410
960000 419
970000 416
980000 408
990000 471
1000000 709
1010000 419
1020000 433
1030000 428
1040000 427
1050000 434
1060000 441
1070000 431
1080000 439
1090000 432
1100000 383
1110000 423
1120000 317
1130000 709
1140000 436
1150000 328
1160000 428
1170000 427
1180000 426
1190000 441
1200000 475
1210000 595
1220000 383
1230000 489
1240000 433
1250000 430
1260000 435
1270000 428
1280000 430
1290000 430
1300000 450
1310000 409
1320000 389
1330000 430
1340000 420
1350000 427
1360000 425
1370000 417
1380000 439
1390000 437
1400000 421
1410000 429
1420000 437
1430000 557
1440000 537
1450000 427
1460000 441
1470000 436
1480000 431
1490000 438
1500000 431
1510000 429
1520000 433
1530000 430
1540000 433
1550000 435
1560000 437
1570000 424
1580000 432
1590000 397
1600000 335
1610000 412
1620000 442
1630000 428
1640000 431
1650000 512
1660000 584
1670000 449
1680000 442
1690000 457
1700000 446
1710000 438
1720000 431
1730000 440
1740000 437
1750000 423
1760000 442
1770000 463
1780000 428
1790000 435
1800000 443
1810000 369
1820000 332
1830000 441
1840000 441
1850000 438
1860000 439
1870000 513
1880000 543
1890000 449
1900000 434
1910000 442
1920000 444
1930000 431
1940000 474
1950000 436
1960000 443
1970000 451
1980000 453
1990000 428
